%YAML:1.0
---
image_width: 3264
image_height: 2448
camera_matrix: !!opencv-matrix
   rows: 3
   cols: 3
   dt: d
   data: [ 2.5015243208139000e+03, 0., 1.6230552159628824e+03, 0.,
       2.4980231001778448e+03, 1.1955069139219092e+03, 0., 0., 1. ]
distortion_coefficients: !!opencv-matrix
   rows: 1
   cols: 5
   dt: d
   data: [ 1.1575872829007125e-01, -3.8478128920325078e-01,
       -4.4696705332422388e-03, -2.5292416670049970e-03,
       4.0057330920627443e-01 ]
